-9.00E+01	-6.40E-02	1.37E+00
-8.90E+01	-8.72E-02	1.37E+00
-8.80E+01	-1.10E-01	1.37E+00
-8.70E+01	-1.34E-01	1.37E+00
-8.60E+01	-1.57E-01	1.36E+00
-8.50E+01	-1.80E-01	1.36E+00
-8.40E+01	-2.02E-01	1.36E+00
-8.30E+01	-2.25E-01	1.35E+00
-8.20E+01	-2.47E-01	1.35E+00
-8.10E+01	-2.70E-01	1.34E+00
-8.00E+01	-2.92E-01	1.33E+00
-7.90E+01	-3.14E-01	1.33E+00
-7.80E+01	-3.36E-01	1.32E+00
-7.70E+01	-3.57E-01	1.31E+00
-7.60E+01	-3.79E-01	1.30E+00
-7.50E+01	-4.01E-01	1.29E+00
-7.40E+01	-4.23E-01	1.29E+00
-7.30E+01	-4.46E-01	1.28E+00
-7.20E+01	-4.68E-01	1.26E+00
-7.10E+01	-4.90E-01	1.25E+00
-7.00E+01	-5.12E-01	1.24E+00
-6.90E+01	-5.30E-01	1.22E+00
-6.80E+01	-5.48E-01	1.21E+00
-6.70E+01	-5.65E-01	1.20E+00
-6.60E+01	-5.83E-01	1.18E+00
-6.50E+01	-6.01E-01	1.17E+00
-6.40E+01	-6.18E-01	1.15E+00
-6.30E+01	-6.34E-01	1.14E+00
-6.20E+01	-6.51E-01	1.12E+00
-6.10E+01	-6.67E-01	1.10E+00
-6.00E+01	-6.84E-01	1.09E+00
-5.90E+01	-6.99E-01	1.07E+00
-5.80E+01	-7.13E-01	1.05E+00
-5.70E+01	-7.27E-01	1.04E+00
-5.60E+01	-7.41E-01	1.02E+00
-5.50E+01	-7.55E-01	9.96E-01
-5.40E+01	-7.68E-01	9.77E-01
-5.30E+01	-7.78E-01	9.57E-01
-5.20E+01	-7.89E-01	9.37E-01
-5.10E+01	-7.99E-01	9.17E-01
-5.00E+01	-8.09E-01	8.97E-01
-4.90E+01	-8.20E-01	8.77E-01
-4.80E+01	-8.27E-01	8.56E-01
-4.70E+01	-8.34E-01	8.36E-01
-4.60E+01	-8.41E-01	8.13E-01
-4.50E+01	-8.48E-01	7.89E-01
-4.40E+01	-8.55E-01	7.65E-01
-4.30E+01	-8.58E-01	7.41E-01
-4.20E+01	-8.60E-01	7.17E-01
-4.10E+01	-8.61E-01	6.93E-01
-4.00E+01	-8.62E-01	6.69E-01
-3.90E+01	-8.63E-01	6.45E-01
-3.80E+01	-8.63E-01	6.21E-01
-3.70E+01	-8.61E-01	5.98E-01
-3.60E+01	-8.59E-01	5.74E-01
-3.50E+01	-8.57E-01	5.51E-01
-3.40E+01	-8.54E-01	5.27E-01
-3.30E+01	-8.52E-01	5.04E-01
-3.20E+01	-8.44E-01	4.82E-01
-3.10E+01	-8.36E-01	4.59E-01
-3.00E+01	-8.28E-01	4.37E-01
-2.90E+01	-8.20E-01	4.14E-01
-2.80E+01	-8.12E-01	3.91E-01
-2.70E+01	-8.11E-01	3.68E-01
-2.60E+01	-8.11E-01	3.45E-01
-2.50E+01	-8.11E-01	3.22E-01
-2.40E+01	-8.12E-01	2.99E-01
-2.30E+01	-8.12E-01	2.76E-01
-2.20E+01	-8.25E-01	2.51E-01
-2.10E+01	-8.49E-01	2.25E-01
-2.00E+01	-8.72E-01	2.00E-01
-1.90E+01	-8.96E-01	1.75E-01
-1.80E+01	-9.20E-01	1.51E-01
-1.70E+01	-9.33E-01	1.27E-01
-1.60E+01	-9.47E-01	1.03E-01
-1.50E+01	-9.60E-01	7.98E-02
-1.40E+01	-9.74E-01	5.62E-02
-1.30E+01	-9.48E-01	4.93E-02
-1.20E+01	-9.03E-01	4.39E-02
-1.10E+01	-8.58E-01	3.85E-02
-1.00E+01	-7.82E-01	3.30E-02
-9.00E+00	-6.47E-01	2.76E-02
-8.00E+00	-5.11E-01	2.32E-02
-7.00E+00	-3.69E-01	1.94E-02
-6.00E+00	-2.30E-01	1.56E-02
-5.00E+00	-8.82E-02	1.18E-02
-4.00E+00	3.26E-02	8.03E-03
-3.00E+00	1.53E-01	5.67E-03
-2.00E+00	2.84E-01	5.91E-03
-1.00E+00	4.06E-01	6.16E-03
0.00E+00	5.15E-01	6.41E-03
1.00E+00	6.25E-01	6.66E-03
2.00E+00	7.55E-01	6.90E-03
3.00E+00	8.79E-01	7.54E-03
4.00E+00	1.00E+00	1.12E-02
5.00E+00	1.10E+00	1.49E-02
6.00E+00	1.18E+00	1.86E-02
7.00E+00	1.22E+00	2.23E-02
8.00E+00	1.26E+00	2.59E-02
9.00E+00	1.31E+00	3.41E-02
1.00E+01	1.37E+00	4.32E-02
1.10E+01	1.35E+00	5.24E-02
1.20E+01	1.33E+00	6.15E-02
1.30E+01	1.31E+00	7.06E-02
1.40E+01	1.29E+00	8.57E-02
1.50E+01	1.28E+00	1.06E-01
1.60E+01	1.29E+00	1.26E-01
1.70E+01	1.29E+00	1.46E-01
1.80E+01	1.30E+00	1.66E-01
1.90E+01	1.30E+00	1.89E-01
2.00E+01	1.30E+00	2.14E-01
2.10E+01	1.27E+00	2.39E-01
2.20E+01	1.24E+00	2.64E-01
2.30E+01	1.21E+00	2.90E-01
2.40E+01	1.17E+00	3.18E-01
2.50E+01	1.13E+00	3.46E-01
2.60E+01	1.09E+00	3.75E-01
2.70E+01	1.06E+00	4.03E-01
2.80E+01	1.03E+00	4.30E-01
2.90E+01	1.00E+00	4.56E-01
3.00E+01	9.75E-01	4.83E-01
3.10E+01	9.64E-01	5.10E-01
3.20E+01	9.59E-01	5.36E-01
3.30E+01	9.55E-01	5.61E-01
3.40E+01	9.50E-01	5.86E-01
3.50E+01	9.46E-01	6.12E-01
3.60E+01	9.44E-01	6.37E-01
3.70E+01	9.45E-01	6.62E-01
3.80E+01	9.46E-01	6.86E-01
3.90E+01	9.47E-01	7.11E-01
4.00E+01	9.48E-01	7.36E-01
4.10E+01	9.48E-01	7.62E-01
4.20E+01	9.43E-01	7.88E-01
4.30E+01	9.38E-01	8.14E-01
4.40E+01	9.33E-01	8.39E-01
4.50E+01	9.28E-01	8.63E-01
4.60E+01	9.21E-01	8.87E-01
4.70E+01	9.11E-01	9.11E-01
4.80E+01	9.01E-01	9.34E-01
4.90E+01	8.92E-01	9.57E-01
5.00E+01	8.82E-01	9.79E-01
5.10E+01	8.72E-01	1.00E+00
5.20E+01	8.59E-01	1.02E+00
5.30E+01	8.45E-01	1.05E+00
5.40E+01	8.31E-01	1.07E+00
5.50E+01	8.17E-01	1.09E+00
5.60E+01	8.03E-01	1.11E+00
5.70E+01	7.87E-01	1.13E+00
5.80E+01	7.69E-01	1.14E+00
5.90E+01	7.51E-01	1.16E+00
6.00E+01	7.33E-01	1.18E+00
6.10E+01	7.15E-01	1.20E+00
6.20E+01	6.96E-01	1.21E+00
6.30E+01	6.78E-01	1.23E+00
6.40E+01	6.59E-01	1.24E+00
6.50E+01	6.40E-01	1.26E+00
6.60E+01	6.22E-01	1.27E+00
6.70E+01	6.03E-01	1.29E+00
6.80E+01	5.83E-01	1.30E+00
6.90E+01	5.61E-01	1.32E+00
7.00E+01	5.40E-01	1.33E+00
7.10E+01	5.19E-01	1.34E+00
7.20E+01	4.98E-01	1.35E+00
7.30E+01	4.75E-01	1.36E+00
7.40E+01	4.50E-01	1.37E+00
7.50E+01	4.25E-01	1.38E+00
7.60E+01	4.01E-01	1.39E+00
7.70E+01	3.76E-01	1.40E+00
7.80E+01	3.50E-01	1.40E+00
7.90E+01	3.25E-01	1.41E+00
8.00E+01	2.99E-01	1.42E+00
8.10E+01	2.73E-01	1.42E+00
8.20E+01	2.48E-01	1.43E+00
8.30E+01	2.23E-01	1.43E+00
8.40E+01	1.98E-01	1.44E+00
8.50E+01	1.73E-01	1.44E+00
8.60E+01	1.49E-01	1.44E+00
8.70E+01	1.26E-01	1.44E+00
8.80E+01	1.04E-01	1.45E+00
8.90E+01	8.06E-02	1.45E+00
9.00E+01	5.66E-02	1.45E+00